1 0 0 0 0 3 4
2 0 0 0 3 7 8
3 0 1 2 4 8 9
4 1 0 3 5 9 10
5 0 0 4 0 10 11
6 0 0 0 7 14 15
7 0 2 6 8 15 16
8 2 3 7 9 16 17
9 3 4 8 10 17 18
10 4 5 9 11 18 19
11 5 0 10 12 19 20
12 0 0 11 0 20 21
13 0 0 0 14 23 24
14 0 6 13 15 24 25
15 6 7 14 16 25 26
16 7 8 15 17 26 27
17 8 9 16 18 27 28
18 9 10 17 19 28 29
19 10 11 18 20 29 30
20 11 12 19 21 30 31
21 12 0 20 22 31 32
22 0 0 21 0 32 33
23 0 13 0 24 0 34
24 13 14 23 25 34 35
25 14 15 24 26 35 36
26 15 16 25 27 36 37
27 16 17 26 28 37 38
28 17 18 27 29 38 39
29 18 19 28 30 39 40
30 19 20 29 31 40 41
31 20 21 30 32 41 42
32 21 22 31 33 42 43
33 22 0 32 0 43 0
34 23 24 0 35 44 45
35 24 25 34 36 45 46
36 25 26 35 37 46 47 
37 26 27 36 38 47 48
38 27 28 37 39 48 49
39 28 29 38 40 49 50
40 29 30 39 41 50 51
41 30 31 40 42 51 52
42 31 32 41 43 52 53
43 32 33 42 0 53 54
44 0 34 0 45 0 55
45 34 35 44 46 55 56
46 35 36 45 47 56 57
47 36 37 46 48 57 58
48 37 38 47 49 58 59
49 38 39 48 50 59 60
50 39 40 49 51 60 61
51 40 41 50 52 61 62
52 41 42 51 53 62 63
53 42 43 52 54 63 64
54 43 0 53 0 64 0
55 44 45 0 56 65 66
56 45 46 55 57 66 67
57 46 47 56 58 67 68
58 47 48 57 59 68 69
59 48 49 58 60 69 70
60 49 50 59 61 70 71
61 50 51 60 62 71 72
62 51 52 61 63 72 73
63 52 53 62 64 73 74
64 53 54 63 0 74 75
65 0 55 0 66 0 76
66 55 56 65 67 76 77
67 56 57 66 68 77 78
68 57 58 67 69 78 79
69 58 59 68 70 79 80
70 59 60 69 71 80 81
71 60 61 70 72 81 82
72 61 62 71 73 82 83
73 62 63 72 74 83 84
74 63 64 73 75 84 85
75 64 0 74 0 85 0
76 65 66 0 77 86 87
77 66 67 76 78 87 88
78 67 68 77 79 88 89
79 68 69 78 80 89 90
80 69 70 79 81 90 91
81 70 71 80 82 91 92
82 71 72 81 83 92 93
83 72 73 82 84 93 94
84 73 74 83 85 94 95
85 74 75 84 0 95 96
86 0 76 0 87 0 0
87 76 77 86 88 0 97
88 77 78 87 89 97 98
89 78 79 88 90 98 99
90 79 80 89 91 99 100
91 80 81 90 92 100 101
92 81 82 91 93 101 102
93 82 83 92 94 102 103
94 83 84 93 95 103 104
95 84 85 94 96 104 0
96 85 0 95 0 0 0
97 87 88 0 98 0 0
98 88 89 97 99 0 105
99 89 90 98 100 105 106
100 90 91 99 101 106 107
101 91 92 100 102 107 108
102 92 93 101 103 108 109
103 93 94 102 104 109 0
104 94 95 103 0 0 0
105 98 99 0 106 0 0
106 99 100 105 107 0 110
107 100 101 106 108 110 111
108 101 102 107 109 111 0
109 102 103 108 0 0 0
110 106 107 0 111 0 0
111 107 108 110 0 0 0