1 -1
2 -1
3 -1
4 -1
5 -1
6 2
7 2
8 2
9 2
10 2
11 0
12 -1
13 2
14 2
15 2
16 2
17 2
18 2
19 2
20 2
21 -1
22 -1
23 1
24 1
25 1
26 1
27 1
28 1
29 2
30 2
31 2
32 2
33 -1
34 4
35 4
36 1
37 -1
38 1
39 1
40 1
41 2
42 2
43 2
44 4
45 4
46 1
47 -1
48 1
49 1
50 1
51 1
52 2
53 2
54 2
55 4
56 1
57 1
58 -1
59 -1
60 1
61 4
62 1
63 1
64 2
65 1
66 1
67 4
68 1
69 1
70 1
71 1
72 1
73 1
74 1
75 2
76 1
77 1
78 1
79 4
80 4
81 1
82 -1
83 -1
84 1
85 2
86 1
87 1
88 1
89 4
90 4
91 4
92 1
93 -1
94 1
95 2
96 2
97 1
98 1
99 4
100 4
101 4
102 1
103 1
104 2
105 1
106 1
107 1
108 4
109 4
110 1
111 1