1 -3 6
2 -4 5
3 -3 5
4 -2 5
5 -1 5
6 -5 4
7 -4 4
8 -3 4
9 -2 4
10 -1 4
11 0 4
12 1 4
13 -6 3
14 -5 3
15 -4 3
16 -3 3
17 -2 3
18 -1 3
19 0 3
20 1 3
21 2 3
22 3 3 
23 -6 2
24 -5 2
25 -4 2
26 -3 2
27 -2 2
28 -1 2
29 0 2
30 1 2
31 2 2
32 3 2
33 4 2 
34 -5 1
35 -4 1
36 -3 1
37 -2 1 
38 -1 1
39 0 1
40 1 1
41 2 1
42 3 1
43 4 1
44 -5 0
45 -4 0
46 -3 0
47 -2 0 
48 -1 0
49 0 0
50 1 0
51 2 0
52 3 0
53 4 0
54 5 0
55 -4 -1
56 -3 -1
57 -2 -1
58 -1 -1 
59 0 -1 
60 1 -1
61 2 -1
62 3 -1
63 4 -1
64 5 -1
65 -4 -2
66 -3 -2
67 -2 -2
68 -1 -2
69 0 -2
70 1 -2
71 2 -2
72 3 -2
73 4 -2
74 5 -2
75 6 -2
76 -3 -3
77 -2 -3
78 -1 -3
79 0 -3
80 1 -3
81 2 -3
82 3 -3 
83 4 -3 
84 5 -3
85 6 -3
86 -3 -4
87 -2 -4
88 -1 -4
89 0 -4
90 1 -4
91 2 -4
92 3 -4
93 4 -4 
94 5 -4
95 6 -4
96 7 -4
97 -1 -5
98 0 -5
99 1 -5
100 2 -5
101 3 -5
102 4 -5
103 5 -5
104 6 -5
105 1 -6
106 2 -6
107 3 -6
108 4 -6
109 5 -6
110 3 -7
111 4 -7